0.000000 1.000000
0.000747 0.999253
0.000002 0.999998
0.000000 1.000000
0.000000 1.000000
0.995773 0.004227
0.794275 0.205725
0.000000 1.000000
0.000000 1.000000
0.000000 1.000000
0.000000 1.000000
0.996832 0.003168
0.000000 1.000000
0.000002 0.999998
0.000000 1.000000
0.000000 1.000000
0.000000 1.000000
0.000000 1.000000
0.000002 0.999998
0.000000 1.000000
0.000024 0.999976
0.000000 1.000000
0.999123 0.000877
0.000000 1.000000
0.000001 0.999999
0.000000 1.000000
0.000000 1.000000
0.000266 0.999734
0.000000 1.000000
0.000000 1.000000
0.000000 1.000000
0.000000 1.000000
0.000000 1.000000
0.000000 1.000000
0.001691 0.998309
0.000032 0.999968
0.000000 1.000000
0.000000 1.000000
0.000009 0.999991
0.000000 1.000000
0.000000 1.000000
0.000001 1.000000
0.977444 0.022556
0.000000 1.000000
0.000000 1.000000
0.000000 1.000000
0.000000 1.000000
0.000000 1.000000
0.000001 0.999999
0.000000 1.000000
0.000000 1.000000
0.000000 1.000000
0.000000 1.000000
0.000000 1.000000
0.000000 1.000000
0.000024 0.999976
0.000001 0.999999
0.000003 0.999997
0.000000 1.000000
0.000000 1.000000
0.000000 1.000000
0.000000 1.000000
0.000000 1.000000
0.000000 1.000000
0.000015 0.999985
0.000001 0.999999
0.998715 0.001285
0.000000 1.000000
0.000000 1.000000
0.000000 1.000000
0.000004 0.999996
0.000000 1.000000
0.000004 0.999996
0.000000 1.000000
0.000000 1.000000
0.000414 0.999586
0.000008 0.999992
0.000000 1.000000
0.000000 1.000000
0.000000 1.000000
0.000000 1.000000
0.000000 1.000000
0.000000 1.000000
0.991327 0.008673
0.000001 0.999999
0.000000 1.000000
0.000000 1.000000
0.000001 0.999999
0.000000 1.000000
0.000000 1.000000
0.000000 1.000000
0.000000 1.000000
0.000000 1.000000
0.000747 0.999253
0.000000 1.000000
0.000000 1.000000
0.000000 1.000000
0.000000 1.000000
0.000000 1.000000
0.000000 1.000000
0.000000 1.000000
0.000000 1.000000
0.000000 1.000000
0.000000 1.000000
0.998608 0.001392
0.000000 1.000000
0.000000 1.000000
0.000000 1.000000
0.000000 1.000000
0.000001 0.999999
0.000000 1.000000
0.000000 1.000000
0.000005 0.999995
0.000000 1.000000
0.000251 0.999749
0.000000 1.000000
0.996331 0.003669
0.000000 1.000000
0.000000 1.000000
0.000000 1.000000
0.000000 1.000000
0.000000 1.000000
0.000000 1.000000
0.000000 1.000000
0.000003 0.999997
0.000000 1.000000
0.000000 1.000000
0.000000 1.000000
0.000000 1.000000
0.000000 1.000000
0.000000 1.000000
0.000000 1.000000
0.000000 1.000000
0.000000 1.000000
0.000000 1.000000
0.000000 1.000000
0.000000 1.000000
0.000000 1.000000
0.000005 0.999995
0.000000 1.000000
0.000000 1.000000
0.000000 1.000000
0.000000 1.000000
0.000000 1.000000
0.000000 1.000000
0.990833 0.009167
0.000000 1.000000
0.951886 0.048114
0.000000 1.000000
0.000001 0.999999
0.000001 0.999999
0.000000 1.000000
0.000000 1.000000
0.000006 0.999994
0.000000 1.000000
0.000000 1.000000
0.000000 1.000000
0.000000 1.000000
0.000000 1.000000
0.000000 1.000000
0.000011 0.999989
0.000000 1.000000
0.000000 1.000000
0.000135 0.999865
0.000000 1.000000
0.000000 1.000000
0.000000 1.000000
0.000000 1.000000
0.000000 1.000000
0.000000 1.000000
0.000000 1.000000
0.000000 1.000000
0.000000 1.000000
0.000000 1.000000
0.000001 0.999999
0.989929 0.010071
0.000000 1.000000
0.000000 1.000000
0.999798 0.000202
0.000000 1.000000
0.000000 1.000000
0.954110 0.045890
0.000000 1.000000
0.996167 0.003833
0.000002 0.999998
0.000000 1.000000
0.000001 0.999999
0.000000 1.000000
0.996866 0.003134
0.000000 1.000000
0.000000 1.000000
0.000001 0.999999
0.000000 1.000000
0.000000 1.000000
0.000001 0.999999
0.000000 1.000000
0.000001 0.999999
0.000000 1.000000
0.000000 1.000000
0.000000 1.000000
0.000000 1.000000
0.000049 0.999951
0.000000 1.000000
0.000000 1.000000
0.000000 1.000000
0.000000 1.000000
0.000000 1.000000
0.000000 1.000000
0.000000 1.000000
0.000000 1.000000
0.001691 0.998309
0.000000 1.000000
0.000000 1.000000
0.000004 0.999996
0.000000 1.000000
0.997645 0.002355
0.000224 0.999776
0.000000 1.000000
0.000000 1.000000
0.932332 0.067668
0.000000 1.000000
0.000000 1.000000
0.000000 1.000000
0.000000 1.000000
0.000000 1.000000
0.000000 1.000000
0.000414 0.999586
0.000000 1.000000
0.000001 0.999999
0.996309 0.003691
0.000000 1.000000
0.000414 0.999586
0.000000 1.000000
0.000000 1.000000
0.000001 0.999999
0.000000 1.000000
0.978872 0.021128
0.989482 0.010518
0.000000 1.000000
0.000000 1.000000
0.000000 1.000000
0.000000 1.000000
0.000000 1.000000
0.000000 1.000000
0.000000 1.000000
0.000022 0.999978
0.000000 1.000000
0.000000 1.000000
0.000000 1.000000
0.000000 1.000000
0.000000 1.000000
0.000001 0.999999
0.000000 1.000000
0.000000 1.000000
0.990539 0.009461
0.000000 1.000000
0.000000 1.000000
0.000024 0.999976
0.000000 1.000000
0.000000 1.000000
0.000001 0.999999
0.000000 1.000000
0.000000 1.000000
0.000000 1.000000
0.000000 1.000000
0.000000 1.000000
0.000000 1.000000
0.000000 1.000000
0.000000 1.000000
0.000001 0.999999
0.000000 1.000000
0.000000 1.000000
0.000414 0.999586
0.000028 0.999972
0.000000 1.000000
0.000000 1.000000
0.000000 1.000000
0.000000 1.000000
0.000000 1.000000
0.000000 1.000000
0.000000 1.000000
0.996301 0.003699
0.000001 0.999999
0.000000 1.000000
0.000014 0.999986
0.000000 1.000000
0.000000 1.000000
0.000000 1.000000
0.996927 0.003073
0.000000 1.000000
0.000000 1.000000
0.000001 0.999999
0.000000 1.000000
0.000000 1.000000
0.000000 1.000000
0.000000 1.000000
0.000000 1.000000
0.000000 1.000000
0.000000 1.000000
0.000001 0.999999
0.000001 0.999999
0.000000 1.000000
0.993378 0.006622
0.999456 0.000544
0.000001 0.999999
0.000005 0.999995
0.996749 0.003251
0.000000 1.000000
0.000000 1.000000
0.000000 1.000000
0.000000 1.000000
0.000000 1.000000
0.000000 1.000000
0.000001 0.999999
0.000000 1.000000
0.000000 1.000000
0.000000 1.000000
0.000135 0.999865
0.000000 1.000000
0.000000 1.000000
0.737598 0.262402
0.000001 0.999999
0.995565 0.004435
0.000000 1.000000
0.996940 0.003060
0.000000 1.000000
0.000001 0.999999
0.000005 0.999995
0.000000 1.000000
0.000000 1.000000
0.000001 0.999999
0.000000 1.000000
0.000000 1.000000
0.000000 1.000000
0.000000 1.000000
0.000000 1.000000
0.000000 1.000000
0.000000 1.000000
0.000000 1.000000
0.000000 1.000000
0.000004 0.999996
0.000000 1.000000
0.000000 1.000000
0.000000 1.000000
0.000001 0.999999
0.998457 0.001543
0.000065 0.999935
0.000000 1.000000
0.000000 1.000000
0.000000 1.000000
0.000000 1.000000
0.000000 1.000000
0.000000 1.000000
0.000004 0.999996
0.998337 0.001663
0.000003 0.999997
0.000024 0.999976
0.000000 1.000000
0.000000 1.000000
0.000000 1.000000
0.000001 0.999999
0.836188 0.163812
0.997924 0.002076
0.000000 1.000000
0.000000 1.000000
0.000000 1.000000
0.000000 1.000000
0.000000 1.000000
0.985018 0.014982
0.000003 0.999997
0.000002 0.999998
0.000000 1.000000
0.000000 1.000000
0.000232 0.999768
0.000000 1.000000
0.000000 1.000000
0.000000 1.000000
0.000000 1.000000
0.991289 0.008711
0.000002 0.999998
0.000000 1.000000
0.000001 0.999999
0.000004 0.999996
0.000001 0.999999
0.000000 1.000000
0.000000 1.000000
0.000000 1.000000
0.000000 1.000000
0.000007 0.999993
0.000000 1.000000
0.667412 0.332588
0.000001 0.999999
0.000000 1.000000
0.000000 1.000000
0.000000 1.000000
0.000000 1.000000
0.000001 0.999999
0.000005 0.999995
0.000000 1.000000
0.000000 1.000000
0.000000 1.000000
0.000614 0.999386
0.000000 1.000000
0.000000 1.000000
0.000414 0.999586
0.000000 1.000000
0.000000 1.000000
0.000000 1.000000
0.000000 1.000000
0.000000 1.000000
0.000000 1.000000
0.000001 0.999999
0.000000 1.000000
0.000000 1.000000
0.000000 1.000000
0.000000 1.000000
0.000088 0.999912
0.000003 0.999996
0.000000 1.000000
0.000000 1.000000
0.000000 1.000000
0.000002 0.999998
0.000000 1.000000
0.000000 1.000000
0.987412 0.012588
0.000000 1.000000
0.999570 0.000430
0.000000 1.000000
0.000000 1.000000
0.000011 0.999989
0.000000 1.000000
0.000001 0.999999
0.000000 1.000000
0.000000 1.000000
0.999410 0.000590
0.000000 1.000000
0.000000 1.000000
0.000000 1.000000
0.000000 1.000000
0.000135 0.999865
0.973886 0.026114
0.962723 0.037277
0.000000 1.000000
0.000000 1.000000
0.000000 1.000000
0.000000 1.000000
0.000000 1.000000
0.000000 1.000000
0.999468 0.000532
0.000000 1.000000
0.000000 1.000000
0.000001 0.999999
0.000001 0.999999
0.000000 1.000000
0.000000 1.000000
0.000000 1.000000
0.000000 1.000000
0.000000 1.000000
0.000000 1.000000
0.000000 1.000000
0.000001 0.999999
0.000000 1.000000
0.000006 0.999994
0.992278 0.007722
0.000000 1.000000
0.000000 1.000000
0.000003 0.999997
0.000011 0.999990
0.000000 1.000000
0.000234 0.999766
0.995906 0.004094
0.992360 0.007640
0.000000 1.000000
0.000000 1.000000
0.000000 1.000000
0.000000 1.000000
0.002151 0.997849
0.000006 0.999994
0.000000 1.000000
0.000000 1.000000
0.000001 0.999999
0.000000 1.000000
0.000414 0.999586
0.000000 1.000000
0.887005 0.112995
0.000000 1.000000
0.000000 1.000000
0.000000 1.000000
0.000000 1.000000
0.000000 1.000000
0.000000 1.000000
0.994515 0.005485
0.000002 0.999998
0.000001 0.999999
0.000000 1.000000
0.000001 0.999999
0.000000 1.000000
0.000004 0.999996
0.000000 1.000000
0.000000 1.000000
0.001691 0.998309
0.000000 1.000000
0.000000 1.000000
0.000000 1.000000
0.000000 1.000000
0.000000 1.000000
0.000001 0.999999
0.000000 1.000000
0.000000 1.000000
0.000000 1.000000
0.996307 0.003693
0.000001 0.999999
0.000000 1.000000
0.000000 1.000000
0.000000 1.000000
0.000008 0.999992
0.000000 1.000000
0.000000 1.000000
0.000088 0.999912
0.000025 0.999975
0.000414 0.999586
0.000000 1.000000
0.000000 1.000000
0.000000 1.000000
0.000024 0.999976
0.525334 0.474666
0.998777 0.001223
0.000000 1.000000
0.000000 1.000000
0.000000 1.000000
0.000000 1.000000
0.000001 0.999999
0.000000 1.000000
0.000000 1.000000
0.000000 1.000000
0.000000 1.000000
0.000002 0.999998
0.993231 0.006769
0.000000 1.000000
0.000000 1.000000
0.000000 1.000000
0.000000 1.000000
0.998217 0.001783
0.000001 0.999999
0.000000 1.000000
0.984602 0.015398
0.000000 1.000000
0.000000 1.000000
0.000000 1.000000
0.000000 1.000000
0.000001 0.999999
0.001691 0.998309
0.000000 1.000000
0.000001 0.999999
0.000001 0.999999
0.000000 1.000000
0.000009 0.999991
0.000001 0.999999
0.000000 1.000000
0.001691 0.998309
0.000000 1.000000
0.000001 0.999999
0.000000 1.000000
0.992682 0.007318
0.000000 1.000000
0.000000 1.000000
0.000000 1.000000
0.000024 0.999976
0.000001 0.999999
0.000000 1.000000
0.000005 0.999995
0.000000 1.000000
0.000000 1.000000
0.000000 1.000000
0.000000 1.000000
0.000001 0.999999
0.000000 1.000000
0.000000 1.000000
0.000000 1.000000
0.000049 0.999951
0.000000 1.000000
0.000000 1.000000
0.000000 1.000000
0.000000 1.000000
0.000000 1.000000
0.000001 0.999999
0.000000 1.000000
0.000001 0.999999
0.000000 1.000000
0.000000 1.000000
0.000000 1.000000
0.000000 1.000000
0.000000 1.000000
0.000000 1.000000
0.000000 1.000000
0.000000 1.000000
0.000024 0.999976
0.000000 1.000000
0.000000 1.000000
0.000000 1.000000
0.998522 0.001478
0.000001 0.999999
0.000000 1.000000
0.000001 0.999999
0.000414 0.999586
0.000000 1.000000
0.000000 1.000000
0.000001 0.999999
0.000000 1.000000
0.000000 1.000000
0.000000 1.000000
0.000006 0.999994
0.000000 1.000000
0.000000 1.000000
0.000000 1.000000
0.999140 0.000860
0.000000 1.000000
0.000000 1.000000
0.000181 0.999819
0.000000 1.000000
0.000111 0.999889
0.000000 1.000000
0.000000 1.000000
0.000000 1.000000
0.000000 1.000000
0.000000 1.000000
0.000000 1.000000
0.000000 1.000000
0.000000 1.000000
0.000021 0.999979
0.000000 1.000000
0.000001 0.999999
0.000000 1.000000
0.000001 0.999999
0.000001 0.999999
0.000005 0.999995
0.000000 1.000000
0.000000 1.000000
0.000000 1.000000
0.001691 0.998309
0.000000 1.000000
0.001691 0.998309
0.000000 1.000000
0.000000 1.000000
0.000000 1.000000
0.000000 1.000000
0.000000 1.000000
0.000000 1.000000
0.000000 1.000000
0.000000 1.000000
0.000000 1.000000
0.000000 1.000000
0.000000 1.000000
0.000000 1.000000
0.000000 1.000000
0.000000 1.000000
0.000000 1.000000
0.000000 1.000000
0.000000 1.000000
0.000000 1.000000
0.000001 0.999999
0.000001 0.999999
0.000000 1.000000
0.000000 1.000000
0.000000 1.000000
0.000002 0.999998
0.000001 0.999999
0.000000 1.000000
0.000000 1.000000
0.968379 0.031621
0.000000 1.000000
0.999094 0.000906
0.000000 1.000000
0.000000 1.000000
0.995105 0.004895
0.000000 1.000000
0.000000 1.000000
0.000000 1.000000
0.997568 0.002432
0.000001 0.999999
0.000000 1.000000
0.000000 1.000000
0.000020 0.999981
0.980318 0.019682
0.000000 1.000000
0.000000 1.000000
0.000000 1.000000
0.000000 1.000000
0.000000 1.000000
0.000000 1.000000
0.000000 1.000000
0.000000 1.000000
0.000000 1.000000
0.000007 0.999993
0.999895 0.000105
0.000001 0.999999
0.003050 0.996950
0.001691 0.998309
0.000000 1.000000
0.000000 1.000000
0.000000 1.000000
0.998589 0.001411
0.000021 0.999978
0.000000 1.000000
0.000000 1.000000
0.000000 1.000000
0.000000 1.000000
0.000002 0.999998
0.000006 0.999994
0.000000 1.000000
0.000000 1.000000
0.998807 0.001193
0.000000 1.000000
0.000000 1.000000
0.000000 1.000000
0.000004 0.999996
0.000000 1.000000
0.000000 1.000000
0.000000 1.000000
0.000000 1.000000
0.000000 1.000000
0.000000 1.000000
0.000001 0.999999
0.000000 1.000000
0.000000 1.000000
0.000000 1.000000
0.000000 1.000000
0.000000 1.000000
0.000000 1.000000
0.000000 1.000000
0.000000 1.000000
0.995608 0.004392
0.000001 0.999999
0.000000 1.000000
0.997853 0.002147
0.000001 0.999999
0.000000 1.000000
0.000000 1.000000
0.000001 0.999999
0.000000 1.000000
0.000001 0.999999
0.000000 1.000000
0.000027 0.999973
0.000000 1.000000
0.000000 1.000000
0.000414 0.999586
0.000000 1.000000
0.000221 0.999779
0.000000 1.000000
0.993231 0.006769
0.000000 1.000000
0.000000 1.000000
0.000001 0.999999
0.000000 1.000000
0.000000 1.000000
0.000000 1.000000
0.000000 1.000000
0.000000 1.000000
0.000000 1.000000
0.000112 0.999888
0.999200 0.000800
0.000000 1.000000
0.000002 0.999998
0.000000 1.000000
0.000000 1.000000
0.000004 0.999996
0.000000 1.000000
0.000003 0.999997
0.000001 0.999999
0.000103 0.999897
0.000001 0.999999
0.000000 1.000000
0.000000 1.000000
0.000001 0.999999
0.000000 1.000000
0.000007 0.999994
0.000000 1.000000
0.000000 1.000000
0.000003 0.999997
0.000000 1.000000
0.000003 0.999997
0.999615 0.000385
0.979551 0.020449
0.000000 1.000000
0.390282 0.609718
0.000000 1.000000
0.000000 1.000000
0.000000 1.000000
0.000000 1.000000
0.000000 1.000000
0.989132 0.010868
0.000001 0.999999
0.000000 1.000000
0.000000 1.000000
0.000000 1.000000
0.000001 0.999999
0.996526 0.003474
0.000000 1.000000
0.000002 0.999997
0.000000 1.000000
0.000000 1.000000
0.000000 1.000000
0.000000 1.000000
0.000000 1.000000
0.000000 1.000000
0.000000 1.000000
0.000000 1.000000
0.000000 1.000000
0.000001 0.999999
0.000000 1.000000
0.000000 1.000000
0.000000 1.000000
0.000001 0.999999
0.000000 1.000000
0.999171 0.000829
0.000000 1.000000
0.000001 0.999999
0.000000 1.000000
0.000034 0.999966
0.000000 1.000000
0.996313 0.003687
0.000000 1.000000
0.000001 0.999999
0.000000 1.000000
0.000000 1.000000
0.000000 1.000000
0.000000 1.000000
0.000000 1.000000
0.000000 1.000000
0.000001 0.999999
0.000000 1.000000
0.000000 1.000000
0.000001 0.999999
0.000000 1.000000
0.000010 0.999990
0.000000 1.000000
0.000010 0.999990
0.000000 1.000000
0.000000 1.000000
0.000022 0.999978
0.000000 1.000000
0.000000 1.000000
0.000000 1.000000
0.000000 1.000000
0.000002 0.999998
0.999442 0.000558
0.000000 1.000000
0.002175 0.997825
0.000000 1.000000
0.000000 1.000000
0.001691 0.998309
0.000000 1.000000
0.000000 1.000000
0.000000 1.000000
0.000000 1.000000
0.000000 1.000000
0.000000 1.000000
0.000060 0.999940
0.000006 0.999994
0.000003 0.999997
0.000000 1.000000
0.000002 0.999998
0.000000 1.000000
0.000000 1.000000
0.000000 1.000000
0.000000 1.000000
0.000000 1.000000
0.000396 0.999604
0.000000 1.000000
0.000000 1.000000
0.993606 0.006394
0.000000 1.000000
0.000001 0.999999
0.000000 1.000000
0.000000 1.000000
0.000001 0.999999
0.986578 0.013422
0.995255 0.004745
0.000000 1.000000
0.000000 1.000000
0.000009 0.999991
0.000000 1.000000
0.992975 0.007025
0.000000 1.000000
0.000018 0.999982
0.000000 1.000000
0.001691 0.998309
0.000000 1.000000
0.000000 1.000000
0.000000 1.000000
0.995088 0.004912
0.000000 1.000000
0.000000 1.000000
0.000000 1.000000
0.000000 1.000000
0.000024 0.999976
0.000000 1.000000
0.000000 1.000000
0.998082 0.001918
0.000000 1.000000
0.000000 1.000000
0.997344 0.002656
0.000000 1.000000
0.000000 1.000000
0.000000 1.000000
0.000721 0.999279
0.000000 1.000000
0.000414 0.999586
0.000000 1.000000
0.000000 1.000000
0.000000 1.000000
0.000000 1.000000
0.000001 0.999999
0.000000 1.000000
0.000000 1.000000
0.000000 1.000000
0.000000 1.000000
0.000000 1.000000
0.000000 1.000000
0.000000 1.000000
0.000000 1.000000
0.000001 0.999999
0.000000 1.000000
0.000000 1.000000
0.000000 1.000000
0.000007 0.999993
0.000000 1.000000
0.000000 1.000000
0.000000 1.000000
0.000000 1.000000
0.000000 1.000000
0.000000 1.000000
0.000000 1.000000
0.000000 1.000000
0.000001 0.999999
0.000002 0.999998
0.000000 1.000000
0.000000 1.000000
0.000000 1.000000
0.000000 1.000000
0.000003 0.999997
0.000000 1.000000
0.000000 1.000000
0.000000 1.000000
0.000000 1.000000
0.999150 0.000850
0.000003 0.999997
0.000000 1.000000
0.000000 1.000000
0.000000 1.000000
0.000001 0.999999
0.000007 0.999993
0.000000 1.000000
0.001691 0.998309
0.000000 1.000000
0.000000 1.000000
0.991715 0.008285
0.000000 1.000000
0.000000 1.000000
0.000001 0.999999
0.000000 1.000000
0.000000 1.000000
0.000000 1.000000
0.000001 0.999999
0.000001 0.999999
0.993064 0.006936
0.000000 1.000000
0.000000 1.000000
0.000000 1.000000
0.000000 1.000000
0.000000 1.000000
0.000000 1.000000
0.997503 0.002497
0.000000 1.000000
0.000002 0.999998
0.000000 1.000000
0.000000 1.000000
0.000000 1.000000
0.000000 1.000000
0.000000 1.000000
0.000000 1.000000
0.000000 1.000000
0.000000 1.000000
0.000000 1.000000
0.000000 1.000000
0.000000 1.000000
0.000000 1.000000
0.000000 1.000000
0.000005 0.999995
0.000000 1.000000
0.000001 0.999999
0.000000 1.000000
0.000000 1.000000
0.000414 0.999586
0.000135 0.999865
0.000001 0.999999
0.000000 1.000000
0.000000 1.000000
0.000000 1.000000
0.000000 1.000000
0.000000 1.000000
0.000000 1.000000
0.000000 1.000000
0.000002 0.999998
0.000000 1.000000
0.000000 1.000000
0.000024 0.999976
0.000074 0.999926
0.000001 0.999999
0.000000 1.000000
0.000000 1.000000
0.000001 0.999999
0.000135 0.999865
0.000000 1.000000
0.000004 0.999996
0.000001 0.999999
0.000024 0.999976
0.995268 0.004732
0.000000 1.000000
0.001691 0.998309
0.000000 1.000000
0.000000 1.000000
0.000100 0.999900
0.000000 1.000000
0.999505 0.000495
0.000000 1.000000
0.000000 1.000000
0.000008 0.999992
0.000000 1.000000
0.000000 1.000000
0.000000 1.000000
0.000000 1.000000
0.000000 1.000000
0.000000 1.000000
0.000000 1.000000
0.000000 1.000000
0.000004 0.999996
0.000001 0.999999
0.000192 0.999808
0.000000 1.000000
0.000000 1.000000
0.000004 0.999996
0.000001 0.999999
0.000000 1.000000
0.000005 0.999995
0.000000 1.000000
0.000000 1.000000
0.000001 0.999999
0.000000 1.000000
0.000000 1.000000
0.000002 0.999998
0.000007 0.999993
0.999698 0.000302
0.000000 1.000000
0.000001 0.999999
0.000000 1.000000
0.994135 0.005865
0.000000 1.000000
0.000000 1.000000
0.999720 0.000280
0.000000 1.000000
0.000000 1.000000
0.000034 0.999967
0.000000 1.000000
0.000001 0.999999
0.000000 1.000000
0.000000 1.000000
0.000414 0.999586
0.000000 1.000000
0.000000 1.000000
0.000000 1.000000
0.000000 1.000000
0.000000 1.000000
0.000000 1.000000
0.000001 0.999999
0.000010 0.999990
0.000000 1.000000
0.000000 1.000000
0.000000 1.000000
0.000000 1.000000
0.000000 1.000000
0.000001 0.999999
0.000000 1.000000
0.000000 1.000000
0.998412 0.001588
0.000000 1.000000
0.999796 0.000204
0.000000 1.000000
0.000000 1.000000
0.001691 0.998309
0.000001 0.999999
0.000000 1.000000
0.000000 1.000000
0.001675 0.998325
0.000000 1.000000
0.000000 1.000000
0.055403 0.944597
0.000000 1.000000
0.000000 1.000000
0.000000 1.000000
0.000827 0.999173
0.000000 1.000000
0.000000 1.000000
0.000000 1.000000
0.000000 1.000000
0.000000 1.000000
0.000000 1.000000
0.999073 0.000927
0.000000 1.000000
0.000025 0.999975
0.000000 1.000000
0.003190 0.996810
0.000000 1.000000
0.000000 1.000000
0.000000 1.000000
0.000000 1.000000
0.000002 0.999998
0.000000 1.000000
0.000000 1.000000
0.000000 1.000000
0.000038 0.999962
0.000000 1.000000
0.000000 1.000000
0.000000 1.000000
0.000000 1.000000
0.000000 1.000000
0.000000 1.000000
0.000009 0.999991
0.000003 0.999997
0.997952 0.002048
0.000000 1.000000
0.000414 0.999586
0.000010 0.999990
0.000000 1.000000
0.000000 1.000000
0.999006 0.000994
0.998517 0.001483
0.000000 1.000000
0.000000 1.000000
0.000000 1.000000
0.000000 1.000000
0.000000 1.000000
0.000001 0.999999
0.000000 1.000000
0.000000 1.000000
0.000000 1.000000
0.000005 0.999995
0.998183 0.001817
0.999376 0.000624
0.000000 1.000000
0.000000 1.000000
0.000000 1.000000
0.000000 1.000000
0.000000 1.000000
0.000000 1.000000
0.987716 0.012284
0.000012 0.999988
0.000001 0.999999
0.000000 1.000000
0.000000 1.000000
0.000000 1.000000
0.000000 1.000000
0.000001 0.999999
0.000001 0.999999
0.000001 0.999999
0.000001 0.999999
0.000000 1.000000
0.000135 0.999865
0.000000 1.000000
0.000001 0.999999
0.000000 1.000000
0.000000 1.000000
0.000000 1.000000
0.000000 1.000000
0.000000 1.000000
0.000000 1.000000
0.000001 0.999999
0.000000 1.000000
0.000000 1.000000
0.000000 1.000000
0.000119 0.999881
0.000000 1.000000
0.000000 1.000000
0.000000 1.000000
0.000008 0.999992
0.000003 0.999997
0.000000 1.000000
0.000000 1.000000
0.991723 0.008277
0.000000 1.000000
0.000002 0.999998
0.000000 1.000000
0.000000 1.000000
0.000000 1.000000
0.000000 1.000000
0.000000 1.000000
0.996776 0.003224
0.990190 0.009810
0.000000 1.000000
0.000001 0.999999
0.000000 1.000000
0.000000 1.000000
0.000000 1.000000
0.000000 1.000000
0.000001 0.999999
0.000000 1.000000
0.000000 1.000000
0.000000 1.000000
0.000000 1.000000
0.997648 0.002352
0.000000 1.000000
0.000001 0.999999
0.000001 0.999999
0.000000 1.000000
0.000000 1.000000
0.000000 1.000000
0.000000 1.000000
0.000000 1.000000
0.000000 1.000000
0.000000 1.000000
0.991906 0.008094
0.000014 0.999986
0.000000 1.000000
0.000000 1.000000
0.000001 0.999999
0.000000 1.000000
0.001691 0.998309
0.000000 1.000000
0.000000 1.000000
0.000000 1.000000
0.000000 1.000000
0.001018 0.998982
0.000001 0.999999
0.000000 1.000000
0.000000 1.000000
0.000000 1.000000
0.000000 1.000000
0.323730 0.676270
0.000681 0.999319
0.000000 1.000000
0.000000 1.000000
0.000000 1.000000
0.000000 1.000000
0.000001 0.999999
0.000000 1.000000
0.000000 1.000000
0.016268 0.983732
0.000000 1.000000
0.000010 0.999990
0.000000 1.000000
0.000000 1.000000
0.000554 0.999446
0.000000 1.000000
0.000002 0.999998
0.000000 1.000000
0.000000 1.000000
0.995268 0.004732
0.000000 1.000000
0.000000 1.000000
0.000000 1.000000
0.000004 0.999996
0.000000 1.000000
0.999245 0.000755
0.000005 0.999995
0.000000 1.000000
0.341319 0.658681
0.000000 1.000000
0.000000 1.000000
0.000025 0.999975
0.000000 1.000000
0.998437 0.001563
0.000001 0.999999
0.000000 1.000000
0.000000 1.000000
0.000000 1.000000
0.000002 0.999998
0.000000 1.000000
0.000008 0.999992
0.000000 1.000000
0.000000 1.000000
0.000000 1.000000
0.000000 1.000000
0.999610 0.000390
0.000414 0.999586
0.000000 1.000000
0.000000 1.000000
0.999891 0.000109
0.000000 1.000000
0.066882 0.933118
0.000000 1.000000
0.000000 1.000000
0.000000 1.000000
0.000002 0.999998
0.000000 1.000000
0.000344 0.999656
0.941115 0.058885
0.000001 0.999999
0.000000 1.000000
0.000000 1.000000
0.999540 0.000460
0.000001 0.999999
0.000014 0.999986
0.000000 1.000000
0.000000 1.000000
0.000000 1.000000
0.000013 0.999987
0.000000 1.000000
0.000000 1.000000
0.000002 0.999998
0.000000 1.000000
0.000000 1.000000
0.000001 0.999999
0.000000 1.000000
0.000000 1.000000
0.000000 1.000000
0.000000 1.000000
0.000012 0.999988
0.000000 1.000000
0.000016 0.999984
0.000000 1.000000
0.000000 1.000000
0.000000 1.000000
0.000000 1.000000
0.000053 0.999947
0.000000 1.000000
0.000002 0.999998
0.000002 0.999998
0.000000 1.000000
0.000000 1.000000
0.000000 1.000000
0.935094 0.064906
0.000000 1.000000
0.000000 1.000000
0.000000 1.000000
0.996377 0.003623
0.997601 0.002399
0.995262 0.004738
0.000020 0.999980
0.000142 0.999858
0.000000 1.000000
0.000000 1.000000
0.000001 0.999999
0.000000 1.000000
0.000000 1.000000
0.000002 0.999998
0.000000 1.000000
0.000000 1.000000
0.000000 1.000000
0.000000 1.000000
0.999715 0.000285
0.000000 1.000000
0.000000 1.000000
0.000000 1.000000
0.987999 0.012001
0.000000 1.000000
0.000000 1.000000
0.000000 1.000000
0.000002 0.999998
0.000000 1.000000
0.000026 0.999974
0.000000 1.000000
0.000001 0.999999
0.000000 1.000000
0.000000 1.000000
0.000414 0.999586
0.000000 1.000000
0.000000 1.000000
0.000000 1.000000
0.000135 0.999865
0.000000 1.000000
0.000000 1.000000
0.000000 1.000000
0.000000 1.000000
0.000000 1.000000
0.000022 0.999978
0.000001 0.999999
0.000000 1.000000
0.995303 0.004697
0.000000 1.000000
0.000004 0.999996
0.000033 0.999967
0.000000 1.000000
0.000000 1.000000
0.000033 0.999967
0.000000 1.000000
0.000000 1.000000
0.000000 1.000000
0.000003 0.999997
0.082932 0.917068
0.000000 1.000000
0.000001 0.999999
0.000000 1.000000
0.000000 1.000000
0.000000 1.000000
0.000000 1.000000
0.000000 1.000000
0.000000 1.000000
0.000001 0.999999
0.000000 1.000000
0.999223 0.000777
0.000000 1.000000
0.000000 1.000000
0.000000 1.000000
0.000000 1.000000
0.000010 0.999990
0.000000 1.000000
0.000000 1.000000
0.000000 1.000000
0.000135 0.999865
0.000001 0.999999
0.000004 0.999996
0.000001 0.999999
0.000135 0.999865
0.000000 1.000000
0.078256 0.921744
0.000000 1.000000
0.000000 1.000000
0.000001 0.999999
0.000000 1.000000
0.000000 1.000000
0.001641 0.998359
0.992509 0.007491
0.000001 0.999999
0.000000 1.000000
0.000000 1.000000
0.000000 1.000000
0.000000 1.000000
0.000000 1.000000
0.000000 1.000000
0.000000 1.000000
0.000000 1.000000
0.000000 1.000000
0.000004 0.999996
0.000000 1.000000
0.000000 1.000000
0.000000 1.000000
0.000570 0.999430
0.000002 0.999998
0.000000 1.000000
0.000000 1.000000
0.942038 0.057962
0.000000 1.000000
0.000000 1.000000
0.000003 0.999997
0.000000 1.000000
0.000000 1.000000
0.000027 0.999973
0.000001 0.999999
0.000000 1.000000
0.000001 0.999999
0.010458 0.989542
0.000001 0.999999
0.000000 1.000000
0.988174 0.011826
0.000001 0.999999
0.000000 1.000000
0.000024 0.999976
0.000000 1.000000
0.001314 0.998686
0.000053 0.999947
0.000000 1.000000
0.000000 1.000000
0.000009 0.999991
0.000000 1.000000
0.000004 0.999996
0.000000 1.000000
0.000000 1.000000
0.000000 1.000000
0.000000 1.000000
0.000000 1.000000
0.000006 0.999994
0.000000 1.000000
0.870461 0.129539
0.000008 0.999992
0.000018 0.999982
0.000000 1.000000
0.000001 0.999999
0.000006 0.999994
0.000000 1.000000
0.000000 1.000000
0.000003 0.999997
0.000000 1.000000
0.000000 1.000000
0.000000 1.000000
0.000000 1.000000
0.000000 1.000000
0.000000 1.000000
0.947777 0.052223
0.000000 1.000000
0.000000 1.000000
0.000003 0.999997
0.000000 1.000000
0.000000 1.000000
0.000008 0.999992
0.998735 0.001265
0.999724 0.000276
0.000000 1.000000
0.000000 1.000000
0.000000 1.000000
0.000000 1.000000
0.000000 1.000000
0.000000 1.000000
0.997459 0.002541
0.000000 1.000000
0.000000 1.000000
0.000000 1.000000
0.000000 1.000000
0.000000 1.000000
0.000000 1.000000
0.000000 1.000000
0.000000 1.000000
0.995883 0.004117
0.000414 0.999586
0.000000 1.000000
0.000000 1.000000
0.000000 1.000000
0.999128 0.000872
0.000000 1.000000
0.997684 0.002316
0.000007 0.999993
0.000000 1.000000
0.000000 1.000000
0.000000 1.000000
0.000747 0.999253
0.999515 0.000485
0.000000 1.000000
0.000000 1.000000
0.000000 1.000000
0.000000 1.000000
0.000414 0.999586
0.000000 1.000000
0.000135 0.999865
0.000000 1.000000
0.000000 1.000000
0.000000 1.000000
0.000000 1.000000
0.000000 1.000000
0.000135 0.999865
0.000002 0.999998
0.000000 1.000000
0.000000 1.000000
0.000000 1.000000
0.000000 1.000000
0.000000 1.000000
0.000000 1.000000
0.000000 1.000000
0.000000 1.000000
0.000000 1.000000
0.000004 0.999996
0.000000 1.000000
0.000000 1.000000
0.000000 1.000000
0.000000 1.000000
0.000003 0.999997
0.000000 1.000000
0.000000 1.000000
0.000002 0.999998
0.000000 1.000000
0.000003 0.999997
0.999664 0.000336
0.298079 0.701921
0.000001 0.999999
0.000001 0.999999
0.991340 0.008660
0.000000 1.000000
0.000000 1.000000
0.000000 1.000000
0.000000 1.000000
0.000001 0.999999
0.000000 1.000000
0.000000 1.000000
0.000003 0.999997
0.000000 1.000000
0.000000 1.000000
0.000135 0.999865
0.000000 1.000000
0.000006 0.999994
0.000135 0.999865
0.000006 0.999995
0.000000 1.000000
0.000000 1.000000
0.000000 1.000000
0.998861 0.001139
0.994534 0.005466
0.000000 1.000000
0.000000 1.000000
0.000134 0.999866
0.000000 1.000000
0.000000 1.000000
0.000000 1.000000
0.000001 0.999999
0.000004 0.999996
0.000000 1.000000
0.000000 1.000000
0.000000 1.000000
0.000000 1.000000
0.000000 1.000000
0.000000 1.000000
0.000000 1.000000
0.000000 1.000000
0.000000 1.000000
0.000000 1.000000
0.000000 1.000000
0.000000 1.000000
0.000000 1.000000
0.000002 0.999998
0.000000 1.000000
0.000000 1.000000
0.000000 1.000000
0.000000 1.000000
0.000000 1.000000
0.000001 0.999999
0.000065 0.999935
0.000000 1.000000
0.000000 1.000000
0.000004 0.999996
0.000000 1.000000
0.000000 1.000000
0.997342 0.002658
0.000000 1.000000
0.000000 1.000000
0.000000 1.000000
0.000000 1.000000
0.000014 0.999986
0.000000 1.000000
0.000000 1.000000
0.000000 1.000000
0.000000 1.000000
0.000000 1.000000
0.000000 1.000000
0.000000 1.000000
0.000000 1.000000
0.997663 0.002337
0.000001 0.999999
0.000000 1.000000
0.000000 1.000000
0.000000 1.000000
0.000000 1.000000
0.000000 1.000000
0.000000 1.000000
0.000000 1.000000
0.000001 0.999999
0.000000 1.000000
0.000392 0.999608
0.000000 1.000000
0.000006 0.999994
0.000043 0.999957
0.000000 1.000000
0.000000 1.000000
0.991698 0.008302
0.000000 1.000000
0.000001 0.999999
0.000000 1.000000
0.000000 1.000000
0.000000 1.000000
0.000000 1.000000
0.000000 1.000000
0.000000 1.000000
0.957753 0.042247
0.001691 0.998309
0.000000 1.000000
0.001415 0.998585
0.000000 1.000000
0.001691 0.998309
0.000041 0.999959
0.000000 1.000000
0.000001 0.999999
0.000000 1.000000
0.000000 1.000000
0.000000 1.000000
0.000000 1.000000
0.000000 1.000000
0.000014 0.999986
0.000000 1.000000
0.000005 0.999995
0.000000 1.000000
0.000000 1.000000
0.000001 0.999999
0.998048 0.001952
0.000000 1.000000
0.000000 1.000000
0.000001 0.999999
0.000000 1.000000
0.000000 1.000000
0.000000 1.000000
0.000000 1.000000
0.000001 0.999999
0.000000 1.000000
0.982425 0.017575
0.000009 0.999991
0.000000 1.000000
0.000000 1.000000
0.004708 0.995292
0.000000 1.000000
0.000000 1.000000
0.996710 0.003290
0.002584 0.997416
0.000000 1.000000
0.000000 1.000000
0.000000 1.000000
0.000000 1.000000
0.000000 1.000000
0.000000 1.000000
0.000000 1.000000
0.000000 1.000000
0.000004 0.999996
0.000000 1.000000
0.000000 1.000000
0.000000 1.000000
0.000001 0.999999
0.000001 0.999999
0.000000 1.000000
0.000000 1.000000
0.000604 0.999396
0.000000 1.000000
0.000000 1.000000
0.000003 0.999997
0.000000 1.000000
0.000000 1.000000
0.997073 0.002927
0.999364 0.000636
0.000000 1.000000
0.000000 1.000000
0.000000 1.000000
0.000000 1.000000
0.000000 1.000000
0.000002 0.999998
0.000000 1.000000
0.000000 1.000000
0.000001 0.999999
0.983574 0.016426
0.000000 1.000000
0.000011 0.999989
0.000000 1.000000
0.000000 1.000000
0.000000 1.000000
0.000000 1.000000
0.000000 1.000000
0.000000 1.000000
0.996330 0.003670
0.999022 0.000978
0.000049 0.999951
0.000000 1.000000
0.000000 1.000000
0.000001 0.999999
0.000000 1.000000
0.000000 1.000000
0.000000 1.000000
0.000414 0.999586
0.000000 1.000000
0.032387 0.967613
0.999453 0.000547
0.000001 1.000000
0.000000 1.000000
0.000000 1.000000
0.000000 1.000000
0.000000 1.000000
0.000000 1.000000
0.000005 0.999995
0.000000 1.000000
0.000000 1.000000
0.000135 0.999865
0.000009 0.999991
0.000000 1.000000
0.000000 1.000000
0.000000 1.000000
0.000001 0.999999
0.000000 1.000000
0.000001 0.999999
0.000000 1.000000
0.000000 1.000000
0.000000 1.000000
0.000001 0.999999
0.000000 1.000000
0.000000 1.000000
0.000000 1.000000
0.000000 1.000000
0.000000 1.000000
0.002584 0.997416
0.000000 1.000000
0.000000 1.000000
0.000000 1.000000
0.000000 1.000000
0.999099 0.000901
0.007328 0.992672
0.000000 1.000000
0.000004 0.999996
0.000000 1.000000
0.000000 1.000000
0.998703 0.001297
0.000000 1.000000
0.000000 1.000000
0.000000 1.000000
0.000002 0.999998
0.000000 1.000000
0.000000 1.000000
0.000000 1.000000
0.000000 1.000000
0.000000 1.000000
0.000000 1.000000
0.000001 0.999999
0.000000 1.000000
0.000001 0.999999
0.000001 0.999999
0.000000 1.000000
0.000000 1.000000
0.000000 1.000000
0.000000 1.000000
0.000000 1.000000
0.000000 1.000000
0.000000 1.000000
0.000000 1.000000
0.000000 1.000000
0.000001 0.999999
0.996589 0.003411
0.000000 1.000000
0.000000 1.000000
0.000000 1.000000
0.000000 1.000000
0.000000 1.000000
0.000000 1.000000
0.999299 0.000701
0.000001 0.999999
0.000000 1.000000
0.000000 1.000000
0.000000 1.000000
0.000000 1.000000
0.167178 0.832822
0.000000 1.000000
0.000000 1.000000
0.000000 1.000000
0.000000 1.000000
0.000000 1.000000
0.000000 1.000000
0.000000 1.000000
0.000000 1.000000
0.000002 0.999998
0.000000 1.000000
0.000017 0.999983
0.000000 1.000000
0.104310 0.895690
0.000000 1.000000
0.000000 1.000000
0.000658 0.999342
0.000000 1.000000
0.000000 1.000000
0.000005 0.999995
0.000000 1.000000
0.000000 1.000000
0.000000 1.000000
0.000000 1.000000
0.000000 1.000000
0.000002 0.999997
0.000000 1.000000
0.000000 1.000000
0.000000 1.000000
0.000002 0.999998
0.000000 1.000000
0.000000 1.000000
0.000000 1.000000
0.000414 0.999586
0.000000 1.000000
0.000000 1.000000
0.000000 1.000000
0.000000 1.000000
0.000002 0.999998
0.000002 0.999998
0.999715 0.000285
0.000000 1.000000
0.000000 1.000000
0.000000 1.000000
0.000007 0.999993
0.000002 0.999998
0.000000 1.000000
0.000000 1.000000
0.000000 1.000000
0.000000 1.000000
0.001691 0.998309
0.000000 1.000000
0.000020 0.999980
0.000000 1.000000
0.000000 1.000000
0.000001 0.999999
0.000000 1.000000
0.000000 1.000000
0.000001 0.999999
0.000000 1.000000
0.000000 1.000000
0.000000 1.000000
0.000000 1.000000
0.000000 1.000000
0.000001 0.999999
0.000000 1.000000
0.000000 1.000000
0.966712 0.033288
0.000000 1.000000
0.000000 1.000000
0.000001 0.999999
0.994099 0.005901
0.000000 1.000000
0.000001 0.999999
0.000000 1.000000
0.000000 1.000000
0.000000 1.000000
0.000000 1.000000
0.000000 1.000000
0.000000 1.000000
0.000000 1.000000
0.000000 1.000000
0.000000 1.000000
0.991421 0.008579
0.000000 1.000000
0.000033 0.999967
0.000078 0.999922
0.000002 0.999998
0.000000 1.000000
0.000000 1.000000
0.000001 0.999999
0.000000 1.000000
0.000000 1.000000
0.980132 0.019868
0.000001 0.999999
0.996291 0.003709
0.000000 1.000000
0.994504 0.005496
0.000000 1.000000
0.000414 0.999586
0.000000 1.000000
0.000000 1.000000
0.000000 1.000000
0.000000 1.000000
0.999875 0.000125
0.000000 1.000000
0.000000 1.000000
0.000001 0.999999
0.000000 1.000000
0.000001 0.999999
0.000000 1.000000
0.000000 1.000000
0.000000 1.000000
0.000000 1.000000
0.000000 1.000000
0.000001 0.999999
0.000002 0.999998
0.000001 0.999999
0.000000 1.000000
0.000000 1.000000
0.000000 1.000000
0.000000 1.000000
0.000000 1.000000
0.000001 0.999999
0.000000 1.000000
0.000000 1.000000
0.000000 1.000000
0.000000 1.000000
0.000783 0.999217
0.000002 0.999998
0.000000 1.000000
0.000000 1.000000
0.000000 1.000000
0.000000 1.000000
0.000000 1.000000
0.000000 1.000000
0.000002 0.999998
0.000000 1.000000
0.000000 1.000000
0.000002 0.999998
0.000000 1.000000
0.000004 0.999996
0.000000 1.000000
0.000000 1.000000
0.000000 1.000000
0.000000 1.000000
0.000000 1.000000
0.000000 1.000000
0.000001 0.999999
0.000000 1.000000
0.000000 1.000000
0.000000 1.000000
0.000000 1.000000
0.885753 0.114247
0.000000 1.000000
0.000000 1.000000
0.000000 1.000000
0.000000 1.000000
0.999511 0.000489
0.000000 1.000000
0.000002 0.999998
0.000000 1.000000
0.000000 1.000000
0.000000 1.000000
0.000000 1.000000
0.000001 0.999999
0.000024 0.999976
0.000004 0.999996
0.000000 1.000000
0.000000 1.000000
0.000000 1.000000
0.000000 1.000000
0.000000 1.000000
0.998056 0.001944
0.997453 0.002547
0.000000 1.000000
0.000135 0.999865
0.000000 1.000000
0.000000 1.000000
0.000000 1.000000
0.000001 0.999999
0.008018 0.991982
0.996212 0.003788
0.000000 1.000000
0.000000 1.000000
0.000000 1.000000
0.000004 0.999996
0.000000 1.000000
0.000000 1.000000
0.000000 1.000000
0.000038 0.999962
0.000000 1.000000
0.000000 1.000000
0.000000 1.000000
0.000000 1.000000
0.000000 1.000000
0.000000 1.000000
0.000000 1.000000
0.000000 1.000000
0.000000 1.000000
0.000000 1.000000
0.000000 1.000000
0.000020 0.999980
0.000003 0.999997
0.002772 0.997228
0.000216 0.999784
0.000024 0.999976
0.000000 1.000000
0.999283 0.000717
0.000000 1.000000
0.000006 0.999994
0.001709 0.998291
0.000001 0.999999
0.000000 1.000000
0.997070 0.002930
0.000000 1.000000
0.000000 1.000000
0.000000 1.000000
0.000414 0.999586
0.000000 1.000000
0.000000 1.000000
0.000001 0.999999
0.000000 1.000000
0.000000 1.000000
0.000005 0.999995
0.000000 1.000000
0.000001 0.999999
0.995959 0.004041
0.000000 1.000000
0.000000 1.000000
0.000000 1.000000
0.003928 0.996072
0.000000 1.000000
0.997371 0.002629
0.000000 1.000000
0.000000 1.000000
0.000000 1.000000
0.000000 1.000000
0.000000 1.000000
0.999659 0.000341
0.000000 1.000000
0.000002 0.999997
0.000000 1.000000
0.000001 0.999999
0.000000 1.000000
0.977521 0.022479
0.000000 1.000000
0.000002 0.999998
0.000000 1.000000
0.000002 0.999998
0.000000 1.000000
0.001691 0.998309
0.998186 0.001814
0.000000 1.000000
0.000000 1.000000
0.000004 0.999996
0.000000 1.000000
0.000000 1.000000
0.003764 0.996236
0.000000 1.000000
0.992689 0.007311
0.000002 0.999998
0.000000 1.000000
0.000000 1.000000
0.000001 0.999999
0.954477 0.045523
0.000000 1.000000
0.000001 0.999999
0.000000 1.000000
0.000000 1.000000
0.000000 1.000000
0.000000 1.000000
0.000000 1.000000
0.000001 0.999999
0.000000 1.000000
0.000001 0.999999
0.000000 1.000000
0.000000 1.000000
0.000024 0.999976
0.000001 0.999999
0.000000 1.000000
0.000000 1.000000
0.999843 0.000157
0.000000 1.000000
0.000000 1.000000
0.000000 1.000000
0.893003 0.106997
0.000000 1.000000
0.000000 1.000000
0.000000 1.000000
0.000009 0.999991
0.000000 1.000000
0.000000 1.000000
0.000001 0.999999
0.001691 0.998309
0.000001 0.999999
0.000001 0.999999
0.000000 1.000000
0.000000 1.000000
0.000000 1.000000
0.998508 0.001492
0.000000 1.000000
0.000000 1.000000
0.000000 1.000000
0.000000 1.000000
0.000000 1.000000
0.000000 1.000000
0.000500 0.999500
0.000000 1.000000
0.000003 0.999997
0.000000 1.000000
0.000000 1.000000
0.000000 1.000000
0.000000 1.000000
0.000001 0.999999
0.000002 0.999998
0.000010 0.999990
0.000000 1.000000
0.000000 1.000000
0.938294 0.061706
0.000001 0.999999
0.000000 1.000000
0.001691 0.998309
0.000003 0.999997
0.000000 1.000000
0.000000 1.000000
0.000020 0.999980
0.998785 0.001215
0.000000 1.000000
0.000000 1.000000
0.988900 0.011100
0.000000 1.000000
0.000000 1.000000
0.000000 1.000000
0.000000 1.000000
0.000000 1.000000
0.000000 1.000000
0.000000 1.000000
0.000000 1.000000
0.000110 0.999890
0.000000 1.000000
0.997711 0.002289
0.000000 1.000000
0.000001 0.999999
0.000000 1.000000
0.000000 1.000000
0.000000 1.000000
0.998717 0.001283
0.000000 1.000000
0.000000 1.000000
0.000000 1.000000
0.000002 0.999998
0.000001 0.999999
0.000000 1.000000
0.000001 0.999999
0.000000 1.000000
0.000111 0.999889
0.000000 1.000000
0.000000 1.000000
0.000000 1.000000
0.000000 1.000000
0.000000 1.000000
0.000000 1.000000
0.000001 0.999999
0.000001 0.999999
0.000000 1.000000
0.000000 1.000000
0.000000 1.000000
0.998971 0.001029
0.000000 1.000000
0.000000 1.000000
0.000000 1.000000
0.000000 1.000000
0.000000 1.000000
0.998329 0.001671
0.000000 1.000000
0.992304 0.007696
0.000000 1.000000
0.000000 1.000000
0.000000 1.000000
0.000000 1.000000
0.000000 1.000000
0.999417 0.000583
0.975252 0.024748
0.000000 1.000000
0.000000 1.000000
0.000000 1.000000
0.000000 1.000000
0.000000 1.000000
0.000002 0.999998
0.000000 1.000000
0.000003 0.999997
0.000000 1.000000
0.000000 1.000000
0.000000 1.000000
0.000010 0.999990
0.000000 1.000000
0.000000 1.000000
0.994817 0.005183
0.000000 1.000000
0.000000 1.000000
0.000000 1.000000
0.000005 0.999995
0.000000 1.000000
0.000006 0.999994
0.000000 1.000000
0.919151 0.080849
0.000003 0.999997
0.000000 1.000000
0.000000 1.000000
0.000000 1.000000
0.000001 0.999999
0.000000 1.000000
0.000000 1.000000
0.000000 1.000000
0.000001 0.999999
0.000008 0.999992
0.000000 1.000000
0.000000 1.000000
0.000000 1.000000
0.994249 0.005751
0.000000 1.000000
0.000001 0.999999
0.996974 0.003026
0.000000 1.000000
0.998716 0.001284
0.001691 0.998309
0.000000 1.000000
0.000000 1.000000
0.000000 1.000000
0.000000 1.000000
0.000000 1.000000
0.000000 1.000000
0.000030 0.999970
0.000000 1.000000
0.000000 1.000000
0.000000 1.000000
0.000001 0.999999
0.000000 1.000000
0.000000 1.000000
0.000000 1.000000
0.000002 0.999998
0.001691 0.998309
0.000000 1.000000
0.999075 0.000925
0.000000 1.000000
0.000000 1.000000
0.000023 0.999977
0.000000 1.000000
0.000038 0.999962
0.000000 1.000000
0.000000 1.000000
0.000001 0.999999
0.999154 0.000846
0.000000 1.000000
0.000000 1.000000
0.996793 0.003207
0.001691 0.998309
0.997987 0.002013
0.000000 1.000000
0.000414 0.999586
0.000001 0.999999
0.000000 1.000000
0.000002 0.999998
0.000000 1.000000
0.000001 0.999999
0.000000 1.000000
0.908576 0.091424
0.000000 1.000000
0.000000 1.000000
0.000001 0.999999
0.000000 1.000000
0.000000 1.000000
0.000000 1.000000
0.000000 1.000000
0.000000 1.000000
0.000000 1.000000
0.000000 1.000000
0.000000 1.000000
0.000000 1.000000
0.000000 1.000000
0.000000 1.000000
0.000000 1.000000
0.000000 1.000000
0.000000 1.000000
0.000000 1.000000
0.000000 1.000000
0.000747 0.999253
0.000000 1.000000
0.000000 1.000000
0.000000 1.000000
0.000000 1.000000
0.995586 0.004414
0.996766 0.003234
0.000004 0.999996
0.000747 0.999253
0.000000 1.000000
0.000000 1.000000
0.000000 1.000000
0.000000 1.000000
0.000008 0.999992
0.892711 0.107289
0.000000 1.000000
0.000000 1.000000
0.000000 1.000000
0.000003 0.999997
0.000000 1.000000
0.000001 0.999999
0.000000 1.000000
0.000000 1.000000
0.999347 0.000653
0.000002 0.999998
0.000000 1.000000
0.000000 1.000000
0.000000 1.000000
0.000000 1.000000
0.000000 1.000000
0.000000 1.000000
0.000000 1.000000
0.000000 1.000000
0.000000 1.000000
0.000001 0.999999
0.000000 1.000000
0.000000 1.000000
0.000000 1.000000
0.000000 1.000000
0.000000 1.000000
0.001691 0.998309
0.000000 1.000000
0.000000 1.000000
0.993690 0.006310
0.000000 1.000000
0.000000 1.000000
0.000000 1.000000
0.000000 1.000000
0.000010 0.999990
0.000000 1.000000
0.000000 1.000000
0.000000 1.000000
0.000002 0.999998
0.000000 1.000000
0.000042 0.999958
0.000000 1.000000
0.000000 1.000000
0.000000 1.000000
0.000000 1.000000
0.000000 1.000000
0.997375 0.002625
0.000000 1.000000
0.000001 0.999999
0.000000 1.000000
0.000043 0.999957
0.000000 1.000000
0.000000 1.000000
0.030058 0.969942
0.000001 0.999999
0.000002 0.999998
0.000000 1.000000
0.000000 1.000000
0.000000 1.000000
0.000002 0.999998
0.000001 0.999999
0.000001 0.999999
0.000000 1.000000
0.000001 0.999999
0.000024 0.999976
0.000000 1.000000
0.999069 0.000931
0.000172 0.999828
0.000000 1.000000
0.000000 1.000000
0.000005 0.999995
0.000000 1.000000
0.000000 1.000000
0.000005 0.999995
0.001691 0.998309
0.000000 1.000000
0.000000 1.000000
0.000000 1.000000
0.000000 1.000000
0.000000 1.000000
0.000000 1.000000
0.000000 1.000000
0.000414 0.999586
0.000000 1.000000
0.000000 1.000000
0.000000 1.000000
0.000001 0.999999
0.000000 1.000000
0.000000 1.000000
0.000000 1.000000
0.000000 1.000000
0.000000 1.000000
0.000000 1.000000
0.000005 0.999995
0.000000 1.000000
0.000024 0.999976
0.000000 1.000000
0.000000 1.000000
0.000000 1.000000
0.000000 1.000000
0.000002 0.999998
0.000000 1.000000
0.000000 1.000000
0.000024 0.999976
0.000000 1.000000
0.000000 1.000000
0.000000 1.000000
0.000000 1.000000
0.000000 1.000000
0.000004 0.999996
0.000000 1.000000
0.000000 1.000000
0.000000 1.000000
0.996395 0.003605
0.000000 1.000000
0.000024 0.999976
0.000000 1.000000
0.000000 1.000000
0.000001 0.999999
0.000000 1.000000
0.000000 1.000000
0.000000 1.000000
0.000000 1.000000
0.000000 1.000000
0.000000 1.000000
0.000001 0.999999
0.999307 0.000693
0.994705 0.005295
0.000000 1.000000
0.000000 1.000000
0.000001 0.999999
0.000000 1.000000
0.000001 0.999999
0.000001 0.999999
0.000000 1.000000
0.000000 1.000000
0.000001 0.999999
0.000001 0.999999
0.997866 0.002134
0.000000 1.000000
0.000000 1.000000
0.000000 1.000000
0.001691 0.998309
0.000000 1.000000
0.342724 0.657276
0.000135 0.999865
0.000000 1.000000
0.000000 1.000000
0.000000 1.000000
0.000000 1.000000
0.000000 1.000000
0.000000 1.000000
0.000000 1.000000
0.000000 1.000000
0.000000 1.000000
0.000000 1.000000
0.999335 0.000665
0.000000 1.000000
0.984523 0.015477
0.000000 1.000000
0.000000 1.000000
0.000000 1.000000
0.000000 1.000000
0.000000 1.000000
0.000000 1.000000
0.000414 0.999586
0.000000 1.000000
0.000000 1.000000
0.000000 1.000000
0.000001 0.999999
0.000000 1.000000
0.000000 1.000000
0.000000 1.000000
0.000000 1.000000
0.000000 1.000000
0.000001 0.999999
0.000000 1.000000
0.000001 0.999999
0.000000 1.000000
0.000003 0.999997
0.000000 1.000000
0.000000 1.000000
0.000002 0.999998
0.000000 1.000000
0.000002 0.999998
0.000001 0.999999
0.000000 1.000000
0.000000 1.000000
0.000000 1.000000
0.000000 1.000000
0.000000 1.000000
0.000003 0.999997
0.000000 1.000000
0.000000 1.000000
0.000000 1.000000
0.000000 1.000000
0.000001 0.999999
0.000000 1.000000
0.000000 1.000000
0.000060 0.999941
0.999722 0.000278
0.000000 1.000000
0.000001 0.999999
0.000001 0.999999
0.000000 1.000000
0.000000 1.000000
0.000000 1.000000
0.000000 1.000000
0.000000 1.000000
0.000000 1.000000
0.001691 0.998309
0.000000 1.000000
0.000000 1.000000
0.000000 1.000000
0.000001 0.999999
0.000000 1.000000
0.000000 1.000000
0.000001 0.999999
0.999359 0.000641
0.000001 0.999999
0.000000 1.000000
0.000000 1.000000
0.000000 1.000000
0.980374 0.019626
0.000007 0.999993
0.000000 1.000000
0.000000 1.000000
0.000000 1.000000
0.000000 1.000000
0.000000 1.000000
0.000000 1.000000
0.995972 0.004028
0.000001 0.999999
0.000000 1.000000
0.997619 0.002381
0.000000 1.000000
0.000000 1.000000
0.000000 1.000000
0.000000 1.000000
0.000001 0.999999
0.000001 0.999999
0.000000 1.000000
0.000135 0.999865
0.000000 1.000000
0.000000 1.000000
0.000045 0.999955
0.000000 1.000000
0.000000 1.000000
0.000001 0.999999
0.000000 1.000000
0.000005 0.999995
0.000000 1.000000
0.000000 1.000000
0.000000 1.000000
0.000000 1.000000
0.000000 1.000000
0.000000 1.000000
0.000000 1.000000
0.000000 1.000000
0.000000 1.000000
0.000000 1.000000
0.000000 1.000000
0.000000 1.000000
0.000000 1.000000
0.000000 1.000000
0.000023 0.999977
0.000000 1.000000
0.000001 0.999999
0.000000 1.000000
0.000000 1.000000
0.000000 1.000000
0.000000 1.000000
0.000000 1.000000
0.000001 0.999999
0.000000 1.000000
0.000000 1.000000
0.000000 1.000000
0.000000 1.000000
0.000000 1.000000
0.000000 1.000000
0.000024 0.999976
0.000000 1.000000
0.000000 1.000000
0.000000 1.000000
0.000000 1.000000
0.000000 1.000000
0.000000 1.000000
0.000000 1.000000
0.000000 1.000000
0.000000 1.000000
0.000001 0.999999
0.000000 1.000000
0.000000 1.000000
0.000778 0.999222
0.000000 1.000000
0.000000 1.000000
0.997342 0.002658
0.000000 1.000000
0.000001 0.999999
0.000000 1.000000
0.000000 1.000000
0.000000 1.000000
0.999529 0.000471
0.000000 1.000000
0.000003 0.999997
0.000000 1.000000
0.000000 1.000000
0.000747 0.999253
0.000001 0.999999
0.000000 1.000000
0.000010 0.999990
0.000000 1.000000
0.000135 0.999865
0.000000 1.000000
0.000000 1.000000
0.000000 1.000000
0.000000 1.000000
0.000000 1.000000
0.000000 1.000000
0.000002 0.999998
0.000001 0.999999
0.000000 1.000000
0.000004 0.999996
0.000000 1.000000
0.995218 0.004782
